193
192
197
196
194
195
256
260
258
199
262
268
264
272
270
201
203
200
282
202
274
280
284
290
292
205
207
206
296
204
298
308
310
315
321
313
317
209
327
325
323
330
211
210
214
213
212
336
344
342
340
352
348
346
356
354
358
218
220
366
364
217
219
360
368
362
221
376
381
377
379
225
170
224
229
228
226
227
257
261
259
231
263
269
265
273
271
233
235
232
283
234
275
281
285
291
293
237
239
238
297
236
299
238
309
312
311
316
322
314
318
241
328
324
331
243
186
242
246
245
244
337
345
343
341
353
349
347
351
357
355
359
250
252
367
365
249
251
361
369
363
253
255
382
378
380
E,E,E,E,,l,l
